100
36 0
33 1
6 1
15 1
28 4
25 5
22 0
19 0
41 1
20 1
32 8
-36 2
-20 6
29 5
-15 5
31 5
10 1
39 8
35 9
-28 7
1 10
3 8
23 0
36 6
-33 13
12 1
18 1
-36 7
-12 14
43 7
-29 10
44 3
33 10
2 1
-35 12
-23 11
-1 3
5 9
-31 9
46 6
-10 7
17 5
45 8
11 2
14 8
36 17
26 10
-17 1
42 7
-43 16
-32 8
-45 17
45 2
34 2
-6 7
23 4
-33 4
13 2
-19 18
17 9
-11 13
50 10
-22 18
38 8
43 6
16 20
-17 12
48 5
19 19
1 3
27 21
15 6
31 26
7 15
-44 23
6 23
-31 25
-13 25
-43 5
-46 7
4 3
-39 4
49 2
-14 2
9 9
-42 6
28 22
-23 0
32 9
14 4
-38 23
-5 19
33 11
31 11
-16 23
-19 13
-48 5
-15 15
16 12
15 8